$ANSIBLE_VAULT;1.1;AES256
33323232303264643933663732366336656265373534633837376538623632313365346435353066
3663363737313036623565633230616262643135333766630a323135636538383361343462643061
30366465656335613237316437383162656231623236353361626537383764663538393263633937
3566653534353565640a313766663866363161353532613864656462326639316632326138643263
38393464376265343337326235656139656533393331356431393430353261363831386230313234
63623835356532623339336461313665323964373035336665646435626237666434623265633634
31336233313433336136646565623733313962393138613665386136393134383861306366383066
37393030316135316363386532373135326130626635393338386562326534623038653061373239
33636132623562336463353164313363633862393931636530353766356635383731656133383663
62323036633165333766633338623233303837616361623431373866373533396664396234353038
37613563623037653565626239643437643333393439353464363762323134393930376164333037
37326463336566623734
